1.00000E-06	6.02396E-13	1.20480E-12	1.80198E-12
3.60000E+04	-3.66601E-08	-1.64727E-07	-7.00831E-07
7.20000E+04	-1.56452E-07	-5.10102E-07	-1.46416E-06
1.08000E+05	-3.29036E-07	-9.02108E-07	-2.16446E-06
1.44000E+05	-5.16217E-07	-1.29926E-06	-2.82089E-06
1.80000E+05	-7.04486E-07	-1.68920E-06	-3.44443E-06
2.16000E+05	-8.89105E-07	-2.06790E-06	-4.04059E-06
2.52000E+05	-1.06847E-06	-2.43424E-06	-4.61259E-06
2.88000E+05	-1.24215E-06	-2.78824E-06	-5.16260E-06
3.24000E+05	-1.41018E-06	-3.13033E-06	-5.69231E-06
3.60000E+05	-1.57279E-06	-3.46109E-06	-6.20310E-06
3.96000E+05	-1.72966E-06	-3.77995E-06	-6.69434E-06
4.32000E+05	-1.88170E-06	-4.08879E-06	-7.16915E-06
4.68000E+05	-2.02920E-06	-4.38818E-06	-7.62850E-06
5.04000E+05	-2.17239E-06	-4.67862E-06	-8.07325E-06
5.40000E+05	-2.31151E-06	-4.96060E-06	-8.50420E-06
5.76000E+05	-2.44677E-06	-5.23455E-06	-8.92207E-06
6.12000E+05	-2.57837E-06	-5.50087E-06	-9.32753E-06
6.48000E+05	-2.70649E-06	-5.75993E-06	-9.72120E-06
6.84000E+05	-2.83128E-06	-6.01208E-06	-1.01037E-05
7.20000E+05	-2.95291E-06	-6.25763E-06	-1.04754E-05
7.56000E+05	-3.07152E-06	-6.49689E-06	-1.08370E-05
7.92000E+05	-3.18723E-06	-6.73012E-06	-1.11888E-05
8.28000E+05	-3.30016E-06	-6.95757E-06	-1.15313E-05
8.64000E+05	-3.41044E-06	-7.17950E-06	-1.18648E-05
9.00000E+05	-3.51817E-06	-7.39611E-06	-1.21898E-05
9.36000E+05	-3.62344E-06	-7.60762E-06	-1.25066E-05
9.72000E+05	-3.72635E-06	-7.81423E-06	-1.28155E-05
1.00800E+06	-3.82699E-06	-8.01610E-06	-1.31168E-05
1.04400E+06	-3.92543E-06	-8.21343E-06	-1.34109E-05
1.08000E+06	-4.02176E-06	-8.40637E-06	-1.36979E-05
1.11600E+06	-4.11605E-06	-8.59507E-06	-1.39781E-05
1.15200E+06	-4.20837E-06	-8.77968E-06	-1.42519E-05
1.18800E+06	-4.29878E-06	-8.96034E-06	-1.45193E-05
1.22400E+06	-4.38734E-06	-9.13717E-06	-1.47806E-05
1.26000E+06	-4.47411E-06	-9.31029E-06	-1.50361E-05
1.29600E+06	-4.55915E-06	-9.47983E-06	-1.52859E-05
1.33200E+06	-4.64251E-06	-9.64590E-06	-1.55301E-05
1.36800E+06	-4.72424E-06	-9.80860E-06	-1.57691E-05
1.40400E+06	-4.80438E-06	-9.96803E-06	-1.60029E-05
1.44000E+06	-4.88299E-06	-1.01243E-05	-1.62317E-05
1.47600E+06	-4.96011E-06	-1.02774E-05	-1.64556E-05
1.51200E+06	-5.03577E-06	-1.04276E-05	-1.66749E-05
1.54800E+06	-5.11002E-06	-1.05749E-05	-1.68895E-05
1.58400E+06	-5.18289E-06	-1.07193E-05	-1.70998E-05
1.62000E+06	-5.25443E-06	-1.08610E-05	-1.73057E-05
1.65600E+06	-5.32466E-06	-1.10000E-05	-1.75075E-05
1.69200E+06	-5.39361E-06	-1.11364E-05	-1.77052E-05
1.72800E+06	-5.46133E-06	-1.12702E-05	-1.78989E-05
1.76400E+06	-5.52784E-06	-1.14015E-05	-1.80888E-05
1.80000E+06	-5.59318E-06	-1.15305E-05	-1.82749E-05
1.83600E+06	-5.65736E-06	-1.16571E-05	-1.84574E-05
1.87200E+06	-5.72041E-06	-1.17813E-05	-1.86363E-05
1.90800E+06	-5.78237E-06	-1.19034E-05	-1.88117E-05
1.94400E+06	-5.84326E-06	-1.20232E-05	-1.89838E-05
1.98000E+06	-5.90310E-06	-1.21409E-05	-1.91526E-05
2.01600E+06	-5.96192E-06	-1.22565E-05	-1.93182E-05
2.05200E+06	-6.01974E-06	-1.23700E-05	-1.94807E-05
2.08800E+06	-6.07657E-06	-1.24816E-05	-1.96401E-05
2.12400E+06	-6.13245E-06	-1.25912E-05	-1.97965E-05
2.16000E+06	-6.18739E-06	-1.26989E-05	-1.99500E-05
2.19600E+06	-6.24142E-06	-1.28047E-05	-2.01007E-05
2.23200E+06	-6.29454E-06	-1.29087E-05	-2.02486E-05
2.26800E+06	-6.34679E-06	-1.30109E-05	-2.03938E-05
2.30400E+06	-6.39817E-06	-1.31114E-05	-2.05363E-05
2.34000E+06	-6.44872E-06	-1.32102E-05	-2.06763E-05
2.37600E+06	-6.49843E-06	-1.33073E-05	-2.08137E-05
2.41200E+06	-6.54734E-06	-1.34027E-05	-2.09487E-05
2.44800E+06	-6.59545E-06	-1.34965E-05	-2.10812E-05
2.48400E+06	-6.64278E-06	-1.35888E-05	-2.12114E-05
2.52000E+06	-6.68935E-06	-1.36795E-05	-2.13392E-05
2.55600E+06	-6.73517E-06	-1.37687E-05	-2.14648E-05
2.59200E+06	-6.78026E-06	-1.38564E-05	-2.15882E-05
2.62800E+06	-6.82462E-06	-1.39427E-05	-2.17094E-05
2.66400E+06	-6.86828E-06	-1.40275E-05	-2.18285E-05
2.70000E+06	-6.91125E-06	-1.41110E-05	-2.19456E-05
2.73600E+06	-6.95354E-06	-1.41931E-05	-2.20606E-05
2.77200E+06	-6.99516E-06	-1.42738E-05	-2.21736E-05
2.80800E+06	-7.03612E-06	-1.43532E-05	-2.22846E-05
2.84400E+06	-7.07644E-06	-1.44313E-05	-2.23937E-05
2.88000E+06	-7.11612E-06	-1.45082E-05	-2.25010E-05
2.91600E+06	-7.15519E-06	-1.45838E-05	-2.26065E-05
2.95200E+06	-7.19365E-06	-1.46582E-05	-2.27101E-05
2.98800E+06	-7.23150E-06	-1.47314E-05	-2.28120E-05
3.02400E+06	-7.26877E-06	-1.48034E-05	-2.29121E-05
3.06000E+06	-7.30546E-06	-1.48743E-05	-2.30106E-05
3.09600E+06	-7.34159E-06	-1.49440E-05	-2.31074E-05
3.13200E+06	-7.37715E-06	-1.50126E-05	-2.32026E-05
3.16800E+06	-7.41217E-06	-1.50802E-05	-2.32961E-05
3.20400E+06	-7.44665E-06	-1.51466E-05	-2.33882E-05
3.24000E+06	-7.48060E-06	-1.52120E-05	-2.34786E-05
3.27600E+06	-7.51403E-06	-1.52764E-05	-2.35676E-05
3.31200E+06	-7.54694E-06	-1.53397E-05	-2.36551E-05
3.34800E+06	-7.57936E-06	-1.54021E-05	-2.37412E-05
3.38400E+06	-7.61128E-06	-1.54634E-05	-2.38258E-05
3.42000E+06	-7.64271E-06	-1.55238E-05	-2.39091E-05
3.45600E+06	-7.67366E-06	-1.55833E-05	-2.39909E-05
3.49200E+06	-7.70414E-06	-1.56418E-05	-2.40715E-05
3.52800E+06	-7.73417E-06	-1.56994E-05	-2.41507E-05
3.56400E+06	-7.76373E-06	-1.57561E-05	-2.42286E-05
3.60000E+06	-7.79285E-06	-1.58119E-05	-2.43053E-05
