   0.00001E-01 -0.86370E-20 -0.45338E-14 -0.23800E-08
   0.03600E+06  0.12851E-03  0.48599E-01   2.1410       
   0.07200E+06  0.28239E-01  0.56928       4.4864    
   0.10800E+06  0.16635       1.3496       5.9441    
   0.14400E+06  0.41912       2.1283       6.9371    
   0.18000E+06  0.74840       2.8340       7.6653    
   0.21600E+06   1.1224       3.4592       8.2279    
   0.25200E+06   1.5206       4.0137       8.6798    
   0.28800E+06   1.9305       4.5100       9.0541    
   0.32400E+06   2.3438       4.9594       9.3722    
   0.36000E+06   2.7552       5.3711       9.6486    
   0.39600E+06   3.1605       5.7504       9.8918    
   0.43200E+06   3.5578       6.1050       10.111    
   0.46800E+06   3.9459       6.4390       10.312    
   0.50400E+06   4.3237       6.7551       10.498    
   0.54000E+06   4.6907       7.0557       10.671    
   0.57600E+06   5.0467       7.3426       10.834    
   0.61200E+06   5.3915       7.6171       10.989    
   0.64800E+06   5.7253       7.8802       11.135    
   0.68400E+06   6.0480       8.1328       11.275    
   0.72000E+06   6.3599       8.3757       11.409    
   0.75600E+06   6.6614       8.6094       11.537    
   0.79200E+06   6.9525       8.8344       11.660    
   0.82800E+06   7.2336       9.0513       11.778    
   0.86400E+06   7.5051       9.2602       11.892    
   0.90000E+06   7.7672       9.4617       12.001    
   0.93600E+06   8.0202       9.6559       12.107    
   0.97200E+06   8.2643       9.8433       12.208    
   0.10080E+07   8.5000       10.024       12.306    
   0.10440E+07   8.7275       10.198       12.401    
   0.10800E+07   8.9470       10.367       12.492    
   0.11160E+07   9.1589       10.529       12.580    
   0.11520E+07   9.3633       10.685       12.665    
   0.11880E+07   9.5606       10.837       12.747    
   0.12240E+07   9.7511       10.982       12.826    
   0.12600E+07   9.9348       11.123       12.902    
   0.12960E+07   10.112       11.259       12.975    
   0.13320E+07   10.283       11.390       13.046    
   0.13680E+07   10.448       11.516       13.115    
   0.14040E+07   10.608       11.638       13.181    
   0.14400E+07   10.762       11.756       13.244    
   0.14760E+07   10.910       11.870       13.306    
   0.15120E+07   11.053       11.979       13.365    
   0.15480E+07   11.191       12.085       13.422    
   0.15840E+07   11.325       12.187       13.478    
   0.16200E+07   11.453       12.285       13.531    
   0.16560E+07   11.578       12.381       13.582    
   0.16920E+07   11.697       12.472       13.632    
   0.17280E+07   11.813       12.561       13.680    
   0.17640E+07   11.925       12.646       13.726    
   0.18000E+07   12.032       12.729       13.771    
   0.18360E+07   12.136       12.808       13.814    
   0.18720E+07   12.236       12.885       13.855    
   0.19080E+07   12.333       12.959       13.895    
   0.19440E+07   12.427       13.030       13.934    
   0.19800E+07   12.517       13.099       13.971    
   0.20160E+07   12.604       13.166       14.007    
   0.20520E+07   12.688       13.230       14.042    
   0.20880E+07   12.769       13.292       14.076    
   0.21240E+07   12.847       13.352       14.108    
   0.21600E+07   12.922       13.410       14.139    
   0.21960E+07   12.995       13.465       14.169    
   0.22320E+07   13.065       13.519       14.198    
   0.22680E+07   13.133       13.571       14.227    
   0.23040E+07   13.198       13.621       14.254    
   0.23400E+07   13.261       13.669       14.280    
   0.23760E+07   13.322       13.716       14.305    
   0.24120E+07   13.381       13.761       14.329    
   0.24480E+07   13.438       13.804       14.353    
   0.24840E+07   13.492       13.846       14.375    
   0.25200E+07   13.545       13.886       14.397    
   0.25560E+07   13.596       13.925       14.418    
   0.25920E+07   13.645       13.963       14.439    
   0.26280E+07   13.693       13.999       14.458    
   0.26640E+07   13.738       14.034       14.477    
   0.27000E+07   13.783       14.068       14.496    
   0.27360E+07   13.825       14.101       14.513    
   0.27720E+07   13.866       14.132       14.530    
   0.28080E+07   13.906       14.163       14.547    
   0.28440E+07   13.944       14.192       14.563    
   0.28800E+07   13.981       14.220       14.578    
   0.29160E+07   14.017       14.248       14.593    
   0.29520E+07   14.051       14.274       14.607    
   0.29880E+07   14.085       14.299       14.621    
   0.30240E+07   14.117       14.324       14.634    
   0.30600E+07   14.147       14.348       14.647    
   0.30960E+07   14.177       14.370       14.659    
   0.31320E+07   14.206       14.392       14.671    
   0.31680E+07   14.234       14.414       14.683    
   0.32040E+07   14.261       14.434       14.694    
   0.32400E+07   14.287       14.454       14.704    
   0.32760E+07   14.312       14.473       14.715    
   0.33120E+07   14.336       14.492       14.725    
   0.33480E+07   14.359       14.509       14.734    
   0.33840E+07   14.381       14.527       14.744    
   0.34200E+07   14.403       14.543       14.753    
   0.34560E+07   14.424       14.559       14.761    
   0.34920E+07   14.444       14.575       14.770    
   0.35280E+07   14.464       14.589       14.778    
   0.35640E+07   14.482       14.604       14.786    
   0.36000E+07   14.500       14.618       14.793    
