   0.00001E-01  0.28000E+06  0.28000E+06  0.28000E+06
   0.03600E+06  0.28080E+06  0.28435E+06  0.29847E+06
   0.07200E+06  0.28382E+06  0.29018E+06  0.30793E+06
   0.10800E+06  0.28740E+06  0.29490E+06  0.31410E+06
   0.14400E+06  0.29101E+06  0.29901E+06  0.31887E+06
   0.18000E+06  0.29450E+06  0.30275E+06  0.32293E+06
   0.21600E+06  0.29783E+06  0.30622E+06  0.32656E+06
   0.25200E+06  0.30100E+06  0.30948E+06  0.32988E+06
   0.28800E+06  0.30402E+06  0.31255E+06  0.33298E+06
   0.32400E+06  0.30689E+06  0.31545E+06  0.33588E+06
   0.36000E+06  0.30963E+06  0.31822E+06  0.33861E+06
   0.39600E+06  0.31224E+06  0.32084E+06  0.34119E+06
   0.43200E+06  0.31473E+06  0.32335E+06  0.34363E+06
   0.46800E+06  0.31713E+06  0.32575E+06  0.34596E+06
   0.50400E+06  0.31943E+06  0.32804E+06  0.34817E+06
   0.54000E+06  0.32164E+06  0.33025E+06  0.35029E+06
   0.57600E+06  0.32376E+06  0.33237E+06  0.35231E+06
   0.61200E+06  0.32582E+06  0.33441E+06  0.35425E+06
   0.64800E+06  0.32780E+06  0.33638E+06  0.35610E+06
   0.68400E+06  0.32971E+06  0.33828E+06  0.35788E+06
   0.72000E+06  0.33156E+06  0.34011E+06  0.35958E+06
   0.75600E+06  0.33335E+06  0.34188E+06  0.36122E+06
   0.79200E+06  0.33509E+06  0.34359E+06  0.36279E+06
   0.82800E+06  0.33677E+06  0.34524E+06  0.36431E+06
   0.86400E+06  0.33841E+06  0.34685E+06  0.36577E+06
   0.90000E+06  0.33999E+06  0.34840E+06  0.36717E+06
   0.93600E+06  0.34153E+06  0.34991E+06  0.36853E+06
   0.97200E+06  0.34303E+06  0.35137E+06  0.36983E+06
   0.10080E+07  0.34449E+06  0.35279E+06  0.37109E+06
   0.10440E+07  0.34590E+06  0.35417E+06  0.37231E+06
   0.10800E+07  0.34728E+06  0.35550E+06  0.37349E+06
   0.11160E+07  0.34863E+06  0.35681E+06  0.37463E+06
   0.11520E+07  0.34994E+06  0.35807E+06  0.37573E+06
   0.11880E+07  0.35122E+06  0.35931E+06  0.37679E+06
   0.12240E+07  0.35246E+06  0.36051E+06  0.37782E+06
   0.12600E+07  0.35368E+06  0.36167E+06  0.37882E+06
   0.12960E+07  0.35486E+06  0.36281E+06  0.37979E+06
   0.13320E+07  0.35602E+06  0.36392E+06  0.38072E+06
   0.13680E+07  0.35715E+06  0.36500E+06  0.38163E+06
   0.14040E+07  0.35826E+06  0.36606E+06  0.38251E+06
   0.14400E+07  0.35934E+06  0.36708E+06  0.38336E+06
   0.14760E+07  0.36039E+06  0.36809E+06  0.38419E+06
   0.15120E+07  0.36143E+06  0.36907E+06  0.38500E+06
   0.15480E+07  0.36244E+06  0.37002E+06  0.38578E+06
   0.15840E+07  0.36343E+06  0.37095E+06  0.38654E+06
   0.16200E+07  0.36439E+06  0.37187E+06  0.38728E+06
   0.16560E+07  0.36534E+06  0.37276E+06  0.38799E+06
   0.16920E+07  0.36627E+06  0.37363E+06  0.38869E+06
   0.17280E+07  0.36717E+06  0.37448E+06  0.38937E+06
   0.17640E+07  0.36806E+06  0.37531E+06  0.39002E+06
   0.18000E+07  0.36893E+06  0.37612E+06  0.39066E+06
   0.18360E+07  0.36979E+06  0.37691E+06  0.39129E+06
   0.18720E+07  0.37062E+06  0.37769E+06  0.39189E+06
   0.19080E+07  0.37144E+06  0.37845E+06  0.39249E+06
   0.19440E+07  0.37224E+06  0.37919E+06  0.39306E+06
   0.19800E+07  0.37303E+06  0.37992E+06  0.39362E+06
   0.20160E+07  0.37380E+06  0.38063E+06  0.39417E+06
   0.20520E+07  0.37456E+06  0.38133E+06  0.39470E+06
   0.20880E+07  0.37530E+06  0.38201E+06  0.39522E+06
   0.21240E+07  0.37603E+06  0.38268E+06  0.39572E+06
   0.21600E+07  0.37674E+06  0.38333E+06  0.39621E+06
   0.21960E+07  0.37745E+06  0.38397E+06  0.39669E+06
   0.22320E+07  0.37813E+06  0.38460E+06  0.39716E+06
   0.22680E+07  0.37881E+06  0.38522E+06  0.39762E+06
   0.23040E+07  0.37947E+06  0.38582E+06  0.39806E+06
   0.23400E+07  0.38012E+06  0.38641E+06  0.39850E+06
   0.23760E+07  0.38076E+06  0.38699E+06  0.39892E+06
   0.24120E+07  0.38139E+06  0.38755E+06  0.39933E+06
   0.24480E+07  0.38200E+06  0.38811E+06  0.39974E+06
   0.24840E+07  0.38261E+06  0.38865E+06  0.40013E+06
   0.25200E+07  0.38320E+06  0.38919E+06  0.40052E+06
   0.25560E+07  0.38378E+06  0.38971E+06  0.40089E+06
   0.25920E+07  0.38436E+06  0.39022E+06  0.40126E+06
   0.26280E+07  0.38492E+06  0.39072E+06  0.40162E+06
   0.26640E+07  0.38547E+06  0.39122E+06  0.40197E+06
   0.27000E+07  0.38602E+06  0.39170E+06  0.40231E+06
   0.27360E+07  0.38655E+06  0.39218E+06  0.40265E+06
   0.27720E+07  0.38707E+06  0.39264E+06  0.40297E+06
   0.28080E+07  0.38759E+06  0.39310E+06  0.40329E+06
   0.28440E+07  0.38810E+06  0.39355E+06  0.40361E+06
   0.28800E+07  0.38859E+06  0.39399E+06  0.40391E+06
   0.29160E+07  0.38908E+06  0.39442E+06  0.40421E+06
   0.29520E+07  0.38956E+06  0.39484E+06  0.40450E+06
   0.29880E+07  0.39004E+06  0.39526E+06  0.40479E+06
   0.30240E+07  0.39050E+06  0.39567E+06  0.40507E+06
   0.30600E+07  0.39096E+06  0.39607E+06  0.40534E+06
   0.30960E+07  0.39141E+06  0.39646E+06  0.40561E+06
   0.31320E+07  0.39185E+06  0.39685E+06  0.40587E+06
   0.31680E+07  0.39229E+06  0.39723E+06  0.40613E+06
   0.32040E+07  0.39271E+06  0.39760E+06  0.40638E+06
   0.32400E+07  0.39313E+06  0.39796E+06  0.40662E+06
   0.32760E+07  0.39355E+06  0.39832E+06  0.40686E+06
   0.33120E+07  0.39395E+06  0.39867E+06  0.40710E+06
   0.33480E+07  0.39435E+06  0.39902E+06  0.40733E+06
   0.33840E+07  0.39475E+06  0.39936E+06  0.40756E+06
   0.34200E+07  0.39513E+06  0.39969E+06  0.40778E+06
   0.34560E+07  0.39551E+06  0.40002E+06  0.40799E+06
   0.34920E+07  0.39589E+06  0.40034E+06  0.40821E+06
   0.35280E+07  0.39626E+06  0.40066E+06  0.40841E+06
   0.35640E+07  0.39662E+06  0.40097E+06  0.40862E+06
   0.36000E+07  0.39697E+06  0.40128E+06  0.40882E+06
